1989.535	3.733333333
2021.851	3.666666667
2033.155	3.766666667
2035.329	3.833333333
2007.522	4.666666667
2000.788	5.866666667
2022.798	6.7
2004.653	6.966666667
2084.559	6.4
2147.592	5.566666667
2230.362	4.633333333
2273.435	4.233333333
2304.542	3.5
2344.517	3.1
2392.808	3.166666667
2398.105	3.366666667
2423.457	3.066666667
2428.516	2.966666667
2446.081	3.233333333
2526.359	2.833333333
2573.372	2.7
2593.456	2.566666667
2578.922	2.733333333
2539.786	3.7
2528.043	5.266666667
2530.689	5.8
2559.397	5.966666667
2609.272	5.333333333
2683.766	4.733333333
2727.452	4.4
2764.128	4.1
2780.762	4.233333333
2770.032	4.033333333
2792.872	4.2
2790.588	4.133333333
2836.238	4.133333333
2854.517	3.933333333
2848.186	4.1
2875.927	4.233333333
2846.446	4.933333333
2772.654	6.3
2790.948	7.366666667
2855.472	7.333333333
2922.264	6.366666667
2976.629	5.833333333
3049.011	5.1
3043.139	5.266666667
3055.104	5.6
3123.162	5.133333333
3111.31	5.233333333
3119.057	5.533333333
3081.3	6.266666667
3102.251	6.8
3159.918	7
3212.606	6.766666667
3277.717	6.2
3336.753	5.633333333
3372.706	5.533333333
3404.833	5.566666667
3418.046	5.533333333
3456.08	5.766666667
3501.134	5.733333333
3569.479	5.5
3594.954	5.566666667
3672.708	5.466666667
3716.382	5.2
3766.862	5
3780.219	4.966666667
3873.452	4.9
3926.406	4.666666667
4006.152	4.366666667
4100.631	4.1
4201.891	3.866666667
4219.097	3.833333333
4249.152	3.766666667
4285.582	3.7
4324.926	3.833333333
4328.72	3.833333333
4366.088	3.8
4401.233	3.9
4490.609	3.733333333
4566.442	3.566666667
4599.332	3.533333333
4619.803	3.4
4691.637	3.4
4706.684	3.433333333
4736.143	3.566666667
4715.469	3.566666667
4707.112	4.166666667
4715.441	4.766666667
4757.213	5.166666667
4708.281	5.833333333
4834.349	5.933333333
4861.938	5.9
4899.95	6.033333333
4914.261	5.933333333
5002.436	5.766666667
5118.278	5.7
5165.448	5.566666667
5251.226	5.366666667
5380.502	4.933333333
5441.504	4.933333333
5411.935	4.8
5462.397	4.766666667
5417.024	5.133333333
5431.265	5.2
5378.679	5.633333333
5357.166	6.6
5292.444	8.266666667
5333.22	8.866666667
5421.357	8.466666667
5494.446	8.3
5618.52	7.733333333
5660.972	7.566666667
5689.756	7.733333333
5732.462	7.766666667
5799.16	7.5
5912.977	7.133333333
6017.586	6.9
6018.218	6.666666667
6039.158	6.333333333
6273.963	6
6335.317	6.033333333
6420.288	5.9
6433.044	5.866666667
6440.832	5.7
6487.08	5.866666667
6503.874	5.966666667
6524.912	6.3
6392.578	7.333333333
6382.892	7.666666667
6501.184	7.4
6635.726	7.433333333
6587.269	7.4
6662.858	7.4
6585.127	8.233333333
6474.973	8.833333333
6510.247	9.433333333
6486.8	9.9
6493.128	10.66666667
6578.175	10.36666667
6728.287	10.13333333
6860.022	9.366666667
7001.489	8.533333333
7140.597	7.866666667
7266.01	7.433333333
7337.493	7.433333333
7396.019	7.3
7469.545	7.233333333
7537.928	7.3
7655.196	7.2
7712.624	7.033333333
7784.109	7.033333333
7819.843	7.166666667
7898.555	6.966666667
7939.45	6.833333333
7994.965	6.6
8084.71	6.266666667
8158.035	6
8292.687	5.833333333
8339.324	5.7
8449.51	5.466666667
8498.282	5.466666667
8610.85	5.333333333
8697.711	5.2
8766.105	5.233333333
8831.544	5.233333333
8850.23	5.366666667
8947.129	5.3
8981.727	5.333333333
8983.945	5.7
8907.363	6.133333333
8865.564	6.6
8934.366	6.833333333
8977.252	6.866666667
9016.444	7.1
9122.95	7.366666667
9223.545	7.6
9313.208	7.633333333
9406.528	7.366666667
9424.065	7.133333333
9480.106	7.066666667
9526.337	6.8
9653.509	6.633333333
9748.156	6.566666667
9881.384	6.2
9939.655	6
10052.518	5.633333333
10086.878	5.466666667
10122.122	5.666666667
10208.772	5.666666667
10281.246	5.566666667
10348.691	5.533333333
10529.379	5.5
10626.778	5.266666667
10739.057	5.333333333
10820.908	5.233333333
10984.15	5
11124.013	4.866666667
11210.329	4.666666667
11321.246	4.633333333
11431.046	4.4
11580.587	4.533333333
11770.686	4.433333333
11864.675	4.3
11962.524	4.266666667
12113.075	4.233333333
12323.336	4.066666667
12359.095	4.033333333
12592.53	3.933333333
12607.676	4
12679.338	3.9
12643.283	4.233333333
12710.303	4.4
12670.106	4.833333333
12705.269	5.5
12822.258	5.7
12893.002	5.833333333
12955.769	5.733333333
12964.016	5.866666667
13031.169	5.866666667
13152.089	6.133333333
13372.357	6.133333333
13528.71	5.833333333
13606.509	5.7
13706.247	5.6
13830.828	5.433333333
13950.376	5.433333333
14099.081	5.3
14172.695	5.1
14291.757	4.966666667
14373.438	4.966666667
14546.119	4.733333333
14589.585	4.633333333
14602.633	4.633333333
14716.93	4.433333333
14726.022	4.5
14838.664	4.5
14938.467	4.666666667
14991.784	4.8
14889.45	5
14963.357	5.333333333
14891.643	6
14576.985	6.866666667
14375.018	8.266666667
14355.558	9.3
14402.477	9.633333333
14541.901	9.933333333
14604.845	9.833333333
14745.933	9.633333333
14845.458	9.466666667
14939.001	9.5
14881.301	9.033333333
14989.555	9.066666667
15021.149	9
15190.255	8.633333333
15291.035	8.266666667
15362.415	8.2
15380.802	8.033333333
15384.254	7.8
15491.878	7.733333333
15521.559	7.533333333
15641.336	7.266666667
15793.928	6.933333333
15757.57	6.666666667
15935.825	6.2
16139.513	6.1
16220.222	5.7
16349.97	5.533333333
16460.889	5.4
16527.587	5.1
16547.619	5
16571.573	4.933333333
16663.516	4.866666667
16778.148	4.9
16851.42	4.7
16903.24	4.666666667
17031.085	4.366666667
17169.733	4.3
