863579	540894	683534	4069306	16193788	4946010	12566136	2992532	2705459	4825155	1607766	4506620	1390209	4601893	1408378	10067211	1198180	7733978	3299474
890937	522278	638897	4223075	15965619	4880876	12445163	2976413	2676262	4778747	1627410	4498729	1384743	4727518	1398497	10141128	1295006	7892558	3385433
1141886	581665	694901	4851574	16866881	5144201	13146668	3134238	2830618	5094789	1738979	4658937	1455194	5147141	1326850	10694370	1555358	8569877	3604719
1202998	595928	724932	4946108	16885367	5143577	13333492	3259837	2826561	5090254	1718052	4717540	1512275	5298087	1453079	10749945	1353642	8434205	3595371
925454	559497	699791	4348694	16487016	5059124	13298452	3206711	2815813	5036995	1671894	4588771	1511960	4909342	1405214	10615471	1263205	8115276	3441564
957212	557402	695555	4651104	16746150	5146739	13389803	3274836	2810024	5127114	1735819	4855742	1543508	5234674	1489211	10895824	1395425	8398435	3592217
1173729	581081	731780	5153408	17107517	5242379	13647339	3275950	2873645	5157910	1786608	4845597	1589164	5618585	1362663	10988202	1647063	8729966	3636785
1227492	596510	628651	5255227	17248680	5318996	13862242	3395115	2847028	5106420	1747043	4804927	1644659	5682183	1501215	11020296	1427548	8654033	3625203
925720	546785	599920	4644376	17050450	5265599	13851685	3314456	2835231	4995147	1695259	4950918	1639939	5383540	1460287	10965205	1337317	8371853	3528530
964639	543615	639751	4871643	17183065	5365713	13679974	3381976	2835978	5010403	1736857	5072820	1667384	5708153	1533853	11211005	1466705	8673145	3691292
1190091	563751	639930	5329959	17228714	5441739	13941454	3361817	2887754	5038962	1800558	5029129	1703895	5951367	1384264	11264737	1741837	9163787	3752231
1237955	564669	624683	5434694	17325567	5494939	14243268	3460846	2901944	4988125	1781974	5063443	1692423	6191040	1513028	11337820	1501037	8966056	3740480
936669	536428	615904	4825066	17051423	5318253	14081955	3424688	2901209	5030166	1751342	5000230	1663190	5733091	1486265	11226114	1381781	8599493	3631808
1003529	540827	608009	5131028	17208017	5437523	13920613	3503082	2950154	5124195	1795175	5281114	1698897	6058924	1579873	11471267	1514832	8964300	3782578
1196885	561750	613520	5639218	17384277	5509642	14150473	3527530	2990368	5188021	1859267	5272551	1749829	6386729	1478133	11579372	1824471	9330836	3837102
1235868	563020	617360	5734302	17459926	5551253	14376336	3643342	3011722	5148317	1838584	5341208	1766338	6555770	1613487	11638264	1579660	9160496	3788912
959632	548358	595411	5158285	17222520	5452731	14321645	3524767	3013769	5113057	1797608	5228311	1833565	6206854	1569617	11585450	1452288	8799362	3674135
1027533	555551	604862	5423208	17445335	5597878	14271210	3582448	3043906	5650405	1842059	5511455	1841320	6550188	1628020	11821223	1580598	9137704	3823150
1232320	581425	602955	5914971	17598897	5692167	14508822	3595397	3101485	5328037	1908225	5552357	1918285	6851142	1497645	11881411	1894895	9523567	3898646
1247920	583483	593326	5972170	17711845	5734541	14669098	3703409	3139633	5290962	1882353	5579023	1926187	7001456	1670542	11905460	1631225	9328539	3854011
955970	561675	600089	5386770	17477361	5615774	14485783	3596825	3199669	5285407	1844316	5538055	1887377	6547043	1644896	11708653	1473223	8859424	3731841
1049540	565283	600527	5751407	17757513	5793909	14417585	3708849	3265509	5447162	1909143	5901124	1945202	6893656	1730521	12083400	1597176	9351782	3945524
1256241	576598	594140	6269694	17737885	5852735	14652137	3761275	3311642	5540708	1985460	5942468	2014732	7172591	1601724	12130563	1902832	9699699	4022854
1244725	561228	597575	6318483	17719459	5850552	14940860	3850617	3305861	5534027	1959908	5990464	2012273	7270667	1746992	12177700	1680700	9516172	3988201
980196	531036	594636	5803227	17371374	5723635	14830941	3826139	3335734	5544429	1910625	5963706	2015234	6934869	1703939	12037551	1543067	9196808	3894832
1053594	508936	594019	6159952	17523018	5827137	14864561	3864399	3374424	5611760	1957600	6263204	2040902	7287516	1790998	12236680	1695791	9608335	4053819
1244245	505550	577179	6677788	17599378	5893783	15059797	3925856	3455672	5644832	2035741	6279069	2050512	7642769	1632910	12279890	2025158	9963962	4118456
1230466	505730	576450	6669070	17620532	5912263	15253907	4059118	3504847	5621704	2010372	6329633	2060305	7759109	1804102	12310125	1758646	9762491	4084133
969436	488838	600738	6102560	17389310	5747646	15144328	4012660	3528858	5530483	1977048	6392611	2070281	7340094	1771603	12274765	1626000	9451955	3990418
1072641	501230	608515	6426155	17540239	5829260	15143669	4098278	3644423	5586578	2014630	6704579	2068984	7668781	1879912	12476431	1788279	9835840	4121584
1231755	513903	615450	6835987	17551902	5912345	15155335	4152803	3714540	5625933	2054838	6775004	2104582	7896926	1721146	12570648	2103528	10180470	4152000
1206445	519383	605952	6840590	17504049	5935188	15399425	4188714	3708617	5620403	2026578	6845979	2117174	7947539	1868820	12645180	1836258	9948196	4115888
972228	512307	592500	6262355	17104838	5805990	15302442	4148455	3683808	5647107	1993959	6862446	2056825	7307899	1849341	12546813	1583407	9526641	4032583
1060804	528742	596710	6536340	16877130	5848512	15079501	4191452	3649593	5690812	2030207	7006714	2051829	7410131	1969512	12790483	1702359	9936598	4187234
1215255	550118	602999	6996999	16497908	5820700	15113833	4163072	3595779	5715783	2092845	6862168	2049485	7584951	1789086	12894177	2058271	10272399	4244555
1194482	544440	601392	6882313	16138387	5751083	15163118	4166096	3463956	5671454	2047171	6745671	2027716	7494585	1956404	12954544	1760808	9910711	4167869
955631	516047	599027	6222247	15514807	5631898	14916519	3964270	3437383	5691225	1981942	6589942	1944955	7009993	1920987	13026875	1576904	9553560	4072434
1053829	507647	591776	6416990	15497970	5687928	14783548	4008365	3442392	5740318	2016933	6765081	1930292	7197191	2022727	13308625	1721942	10010195	4246004
1196572	513774	588330	6834583	15359477	5694777	14954781	4015229	3398933	5748803	2080779	6633352	1935911	7496238	1836954	13379680	2080404	10371030	4283903
1186839	502713	586664	6754499	15164457	5655091	15086441	4082868	3290896	5728510	2037189	6574802	1937394	7621404	2000991	13476901	1789635	10163759	4204761
962355	488620	582865	6159997	14845477	5590375	14845046	3977486	3272533	5745088	1993687	6523247	1812426	7022543	1995506	13471975	1615586	9807130	4099298
1038122	500027	582862	6340486	14777434	5649526	14764710	3962386	3250982	5800180	2041085	6695772	1806052	7172456	2102329	13613934	1736117	10097298	4250522
1186786	515274	581332	6831037	14566309	5666352	14883105	3949931	3258618	5862013	2101496	6617589	1793591	7406197	1913977	13645602	2090322	10500839	4316585
1175876	510785	575579	6839009	14502514	5632088	15085907	4035166	3236646	5845264	2073581	6617520	1798645	7605993	2084762	13782162	1801437	10316022	4275053
950528	498682	571430	6291370	14236928	5568921	14943233	3965712	3179904	5768673	2010340	6575886	1842608	7089018	2051664	13746142	1631420	10003278	4161315
1066929	510109	563736	6627956	14418708	5674682	14896017	3981770	3169021	5807946	2060770	6794447	1850812	7419652	2172056	14062636	1759470	10417681	4283977
1186396	525591	562579	7122368	14501677	5729610	15048390	3998996	3170495	5867086	2128955	6781228	1855363	7794828	1975636	14073031	2126506	10811243	4337354
1146414	527295	567893	7121633	14475067	5734113	15199118	4076588	3153346	5872205	2111107	6831006	1850364	7906810	2149939	14121047	1847584	10599711	4312585
951725	523381	553608	6568094	14272445	5674201	15066958	3984809	3155313	5858761	2050144	6847139	1885593	7377663	2128457	13995197	1662561	10275795	4177699
1068168	545880	555221	6955524	14413971	5792716	15089160	4102884	3162686	5904810	2117234	7090327	1896867	7742069	2267193	14313934	1747204	10739449	4327258
1200124	575833	555415	7475969	14405660	5846125	15236484	4109257	3167988	5999694	2183118	7054228	1902270	8061312	2023811	14425964	2103570	11052692	4373210
1173879	579501	549898	7473187	14371753	5841579	15300463	4175781	3146431	6003397	2147535	7097143	1897975	8176068	2216005	14467798	1840263	10759319	4320565
971495	578932	547251	7037885	14205303	5812764	15223505	4146072	3131107	5989226	2089556	7165527	1933763	7745553	2191120	14370176	1678241	10461525	4205450
1049757	604558	550597	7367338	14326869	5913388	15108814	4184859	3125113	6029639	2151134	7390350	1948562	8045449	2321922	14584108	1811929	10893177	4337458
1203127	628276	558823	7797765	14320616	5968162	15257154	4202790	3140103	6072807	2205558	7395233	1946996	8295948	2084234	14663309	2174922	11254400	4420102
1176133	634203	552915	7703497	14248805	5976828	15381182	4262473	3131804	6072643	2168892	7439155	1950832	8383991	2279997	14803118	1880334	11014651	4398785
977366	631344	541870	7125762	14040566	5929700	15259253	4227062	3085286	6082932	2103647	7493200	1992813	7838905	2245548	14817980	1732893	10735415	4284455
1071672	650773	539553	7382350	14053698	6025525	15159386	4281846	3096893	6117550	2145001	7696040	1995872	8083065	2383840	15074641	1852103	11133790	4423824
1205073	672205	546714	7771631	14037618	6066437	15403775	4303899	3126935	6098363	2200370	7659465	2015007	8326246	2146277	15171558	2228840	11466606	4507189
1181448	671461	543112	7646059	13929396	6076218	15448156	4320187	3134945	6014815	2162215	7703093	2006176	8429948	2375035	15276308	1924305	11247258	4491585
987037	664244	537860	6942688	13743612	5998054	15338928	4252247	3101049	5962851	2104446	7762217	2057436	7711623	2339319	15230391	1783430	10950164	4391931
1063883	686914	559039	7049802	13684662	6036837	15145635	4332114	3114568	5954733	2125837	7940646	2059995	7858445	2476188	15483882	1901953	11303558	4511494
1201824	727635	570220	7323451	13586083	6034150	15218536	4286661	3116946	5948057	2155776	7860491	2059989	7987286	2239842	15552738	2262655	11546955	4569599
1183917	740813	564300	7077270	13379457	5962620	15138363	4300869	3044957	5857624	2094225	7814568	2039614	7910453	2453699	15661171	1944331	11187271	4525423
974520	682211	561833	6040080	12621988	5711931	14648812	4136924	2975220	5750749	1988458	7641196	2045153	6984294	2413343	15582813	1740361	10707811	4315994
1029978	637319	563820	5880952	12083078	5619453	14317526	4018460	2949926	5705906	1973399	7622512	2009381	6898032	2523662	15778988	1837681	10961748	4387730
1191434	627154	556941	6065411	11806953	5557640	14385517	3951197	2924027	5675844	2003792	7428544	1979024	7045258	2261038	15833645	2194074	11215916	4432550
1165077	617261	553784	5855835	11700758	5507328	14358202	3982446	2855510	5610820	1962787	7384076	1975778	7171443	2470809	15979067	1882837	10909383	4397584
959935	597308	546089	5149345	11446017	5378370	14116001	3896449	2808337	5561910	1888277	7347831	1979281	6797450	2423083	15914176	1696845	10481482	4244578
1036897	627562	548804	5316008	11572795	5468323	14184897	3917888	2821404	5545479	1911813	7538397	1996265	7118620	2565105	16141357	1813601	10954609	4345393
1194064	661240	550173	5680102	11689229	5514520	14417191	3945449	2816168	5534419	1953801	7459851	2000012	7467662	2304921	16152627	2180200	11271586	4419487
1196535	673369	546745	5644112	11699538	5519746	14511626	4017110	2790030	5528301	1918597	7493974	1996843	7639583	2547230	16299096	1882440	11077153	4409642
976339	670534	546082	5032352	11590839	5426410	14351928	3973492	2769324	5501729	1859840	7495910	2013945	7199149	2539042	16196651	1709417	10675374	4289043
1048029	697914	546379	5280158	11772984	5537930	14419470	4030978	2778292	5527932	1899022	7716890	2039537	7506080	2686123	16470656	1837574	11197259	4418947
1202473	733857	550689	5695681	11896384	5597842	14553802	4052699	2803923	5542222	1954093	7694909	2053796	7756667	2409326	16413099	2203935	11569090	4502743
1214717	754344	549322	5670911	11911330	5599174	14702450	4140411	2779106	5517792	1925294	7738165	2053233	7907957	2648789	16489955	1906816	11335943	4465405
1008365	756191	544957	5178736	11824159	5535298	14608376	4104044	2765830	5529910	1878515	7707266	2110536	7507554	2594919	16461019	1753975	11038133	4358455
1071025	778345	542151	5386275	11972504	5641857	14567754	4134747	2780181	5580888	1924327	7937147	2133936	7786910	2745212	16658079	1891953	11572394	4497556
1245146	796636	545771	5747032	12103549	5701370	14733534	4149589	2803561	5620491	1988420	7936521	2153511	8014643	2455949	16699643	2266054	11977899	4577770
1231636	795919	547950	5787526	12063623	5701068	14878589	4227503	2781448	5626804	1966986	7973616	2161580	8178983	2713130	16867554	1971635	11778023	4559283
1020334	776621	546897	5332223	11933709	5624720	14736705	4183688	2783049	5603987	1917320	7947552	2204041	7744317	2615248	17173128	1797881	11484004	4032292
1105427	792413	546841	5588727	12042133	5712755	14731606	4206749	2828782	5666947	1966536	8176514	2227094	7998864	2773098	17415421	1933613	11986487	4138353
1272945	811516	551569	6030038	12122033	5772601	14971334	4219852	2846157	5697371	2037924	8147926	2246546	8289460	2495224	17425085	2331098	12406331	4222340
1250041	812122	538788	6060874	12157436	5788533	15140238	4312775	2841242	5672739	2016229	8166798	2257974	8453769	2736975	17578840	2025887	12173483	4197560
1046088	795753	537781	5587052	12067527	5688600	15056991	4296025	2828535	5625802	1967446	8131270	2300533	8061181	2660301	17524479	1860741	11842203	4049781
1135979	818663	543424	5868011	12200430	5785007	15065176	4333875	2855238	5641140	2015181	8357970	2310858	8352950	2810897	17774993	1992302	12364704	4176232
1295605	847772	548890	6334100	12308493	5849254	15232580	4367121	2881516	5690035	2082023	8378533	2333597	8615201	2530869	17824000	2396418	12761642	4268260
1272342	857656	548128	6381189	12324392	5871267	15371893	4485304	2872523	5695534	2063124	8427511	2329326	8840799	2776784	17990846	2094176	12569635	4252324
1071040	836296	546103	5924905	12260340	5777344	15301542	4517994	2865708	5683663	2017523	8428291	2346600	8363893	2682778	17980709	1927123	12205284	4129662
1169893	767578	549707	6205867	12353624	5861773	15318513	4536386	2886801	5742106	2062622	8645548	2370211	8547431	2838914	18242862	2038440	12736033	4252650
1310207	736985	553178	6647412	12458876	5915545	15543205	4591339	2919940	5811650	2136560	8665111	2383977	8852925	2571922	18360557	2457698	13186312	4363959
1274940	699253	551966	6695651	12399665	5910098	15688787	4693062	2910810	5810933	2118827	8703392	2366105	9053803	2828192	18523221	2163055	13006276	4338734
1073643	652439	549944	6240580	12306237	5785059	15539084	4703096	2910078	5802902	2060070	8683058	2353262	8594854	2752534	18478491	1996643	12670628	4211924
1187014	612979	552669	6539690	12389090	5872235	15634769	4706712	2940039	5848634	2105939	8888483	2375980	8800943	2905249	18816438	2153779	13194946	4335524
