1471	2869	3458	2303	2548	2581	1548	2285	2721	2612	1770	2917	2690	1554	2041	2080	1378	930	1409
1452	3054	3531	2429	2647	2683	1608	2386	2813	2700	1807	2934	2772	1600	2038	2196	1443	960	1459
1664	3215	3839	2668	2843	3058	1704	2600	3096	3084	2024	3480	3115	1731	2113	2362	1634	948	1546
1380	2815	3824	2175	2628	2729	1509	2292	2936	2920	1787	2881	2883	1529	2008	1983	1295	864	1395
1524	3049	3655	2438	2687	2746	1608	2381	2808	2708	1821	3014	2800	1625	2100	2132	1393	935	1473
1524	3132	3847	2574	2751	2849	1682	2532	3013	3025	1886	3129	2905	1678	2143	2249	1447	980	1528
1654	3298	3805	2692	2869	3087	1719	2554	3029	2944	1980	3502	3052	1719	2157	2367	1576	954	1560
1449	2995	3899	2333	2808	2934	1603	2421	3224	3092	1896	3107	3235	1623	2051	2120	1343	909	1485
1551	3533	3775	2531	2815	2889	1654	2476	3038	2861	1919	3190	3034	1681	2166	2242	1430	963	1534
1527	3610	3832	2600	2787	2911	1673	2508	3092	2909	1927	3221	3085	1682	2174	2260	1530	984	1548
1678	3953	4104	2801	2961	3217	1728	2606	3245	3187	2073	3733	3270	1785	2216	2455	1627	970	1611
1455	3725	4316	2424	2921	3040	1619	2495	3494	3400	1996	3306	3491	1675	2096	2185	1490	926	1533
1579	3724	4023	2610	2902	3002	1700	2526	3279	3082	2003	3367	3222	1734	2244	2296	1535	983	1590
1561	3744	4098	2712	2917	3059	1727	2570	3311	3174	2051	3453	3296	1757	2248	2338	1608	1035	1611
1732	4161	4367	2972	3171	3425	1801	2710	3519	3444	2206	4037	3532	1876	2337	2547	1804	1026	1697
1511	4060	4663	2544	3089	3231	1684	2617	3882	3733	2120	3543	3783	1746	2133	2253	1542	982	1592
1649	3967	4297	2755	3059	3267	1769	2626	3659	3254	2089	3599	3418	1835	2312	2376	1614	1054	1657
1641	3989	4258	2843	3091	3249	1781	2649	3597	3401	2153	3684	3538	1856	2362	2404	1645	1085	1667
1827	4417	4517	3168	3384	3662	1889	2852	3860	3732	2374	4320	3802	2023	2472	2622	1845	1093	1774
1523	4152	4828	2611	3174	3416	1718	2650	4216	4095	2419	3745	4030	1814	2295	2332	1626	1083	1629
1708	4150	4418	2864	3182	3389	1859	2726	3987	3600	2301	3838	3665	1948	2487	2472	1718	1137	1726
1697	4069	4392	2965	3141	3424	1876	2810	3940	3591	2356	3878	3610	1965	2477	2508	1728	1183	1746
1935	4624	4771	3341	3507	3889	2025	3047	4285	3987	2606	4699	4054	2160	2568	2796	1992	1215	1892
1591	4300	4987	2741	3207	3567	1792	2752	4653	4282	2379	3927	4138	1921	2350	2345	1691	1129	1713
1783	4241	4510	2965	3268	3542	1923	2834	4260	3712	2383	4081	3841	2036	2539	2548	1789	1210	1812
1772	4276	4579	3079	3387	3666	1969	2917	4493	3731	2456	4168	3823	2080	2571	2616	1840	1253	1846
1992	4766	5020	3485	3691	4171	2107	3223	5009	4144	2772	4989	4266	2260	2697	2872	2124	1282	2005
1702	4838	5750	2969	3670	3941	1966	2946	5172	4780	2640	4358	4565	2097	2486	2553	1891	1220	1851
1877	4619	4933	3144	3514	3815	2013	3017	4518	4041	2614	4497	4196	2176	2675	2650	1921	1290	1915
1824	4695	4892	3229	3522	3920	2036	3003	4589	4312	2676	4639	4309	2206	2696	2734	1998	1305	1953
2012	5112	5157	3604	3718	4293	2113	3239	4627	4915	2955	5390	4604	2381	2739	2921	2275	1320	2060
1752	5290	6192	3165	3676	4159	2017	3097	4951	6467	2895	4773	5160	2301	2578	2680	2031	1273	1970
1946	4896	5212	3303	3523	3961	2058	3091	4601	4501	2763	4704	4447	2325	2768	2767	2059	1319	2013
1878	4759	4946	3326	3462	3941	2084	3095	4425	4442	2771	4643	4337	2297	2817	2854	2015	1315	2015
2074	5126	5265	3682	3707	4286	2159	3270	4443	4974	2988	5336	4643	2433	2855	3054	2308	1307	2112
1822	5318	6335	3194	3693	4123	2063	3042	4714	6408	2905	4707	5202	2335	2654	2768	2078	1265	2007
2009	4836	5243	3334	3619	3960	2100	3131	4348	4547	2854	4698	4506	2378	2844	2861	2087	1335	2050
1935	4780	5129	3378	3592	3990	2127	3153	4359	4476	2846	4665	4443	2357	2871	2944	2065	1341	2067
2117	5340	5369	3707	3839	4363	2193	3342	4506	5060	3105	5394	4724	2507	2937	3144	2401	1349	2164
1865	5325	6128	3172	3808	4229	2085	3115	4779	6153	2999	4748	5360	2384	2726	2849	2128	1291	2041
2042	4996	5300	3360	3691	4034	2111	3126	4523	4765	2898	4783	4689	2408	2916	2933	2093	1346	2161
1975	4901	5229	3430	3699	4097	2167	3162	4660	4794	2954	4782	4739	2401	2966	3026	2100	1365	2087
2203	5514	5568	3806	4079	4539	2265	3376	4718	5411	3256	5576	5127	2587	3050	3265	2484	1386	2202
1901	5815	6447	3220	3938	4356	2100	3091	5053	7086	3195	4917	5980	2468	2783	2928	2136	1328	2072
2131	5207	5489	3486	3849	4212	2179	3181	4642	4929	3197	4912	5056	2490	2991	3034	2161	1388	2123
2056	5212	5620	3549	3915	4319	2224	3261	4680	4943	3107	4945	5023	2519	3027	3160	2209	1406	2154
2311	5904	5940	3914	4273	4857	2391	3580	5124	5784	3529	5929	5770	2741	3165	3468	2570	1454	2320
1950	6420	6751	3287	4073	4500	2132	3140	5181	7632	3291	5054	6242	2491	2839	2949	2105	1360	2109
2174	5650	5804	3586	3993	4387	2267	3293	4796	5141	3230	5146	5331	2582	3083	3166	2222	1432	2210
2168	6069	6009	3750	4137	4586	2351	3475	5132	5340	3403	5307	5501	2703	3197	3353	2331	1494	2289
2350	6413	5990	4033	4310	4984	2379	3551	5168	6066	3675	6169	5728	2793	3205	3509	2652	1472	2401
2106	6974	7451	3672	4432	4894	2291	3395	5718	8483	3743	5578	6911	2732	3039	3187	2379	1464	2308
2267	6270	6013	3740	4151	4625	2333	3415	5016	5451	3445	5417	5593	2702	3240	3310	2345	1492	2347
2204	6075	5978	3777	4121	4642	2325	3460	5183	5422	3441	5440	5454	2698	3283	3354	2343	1503	2340
2416	6780	6202	4272	4479	5230	2435	3645	5377	6314	3855	6503	6004	2893	3357	3644	2827	1529	2483
2152	7275	7820	3763	4569	5107	2336	3492	5993	9493	3908	5813	7274	2848	3169	3307	2475	1512	2388
2352	6604	6359	3901	4317	4851	2388	3694	5329	5746	3559	5689	5789	2825	3366	3428	2421	1542	2420
2292	6390	6087	3964	4300	4843	2367	3512	5460	5717	3561	5733	5683	2813	3420	3464	2377	1553	2414
2538	7352	6520	4498	4628	5436	2480	3711	5620	6520	3912	6791	6291	3025	3511	3755	2852	1588	2565
2209	7914	8105	3905	4646	5204	2339	3555	6109	9456	3910	6037	7421	2913	3266	3411	2504	1544	2454
2413	7018	6422	4036	4369	4899	2376	3550	5417	5771	3553	5893	5795	2865	3462	3517	2487	1564	2476
2350	6789	6359	4117	4370	4951	2360	3558	5668	5744	3552	5928	5790	2870	3546	3569	2493	1574	2473
2598	7411	6650	4715	4730	5476	2419	3848	5547	6466	3874	6849	6217	3091	3599	3879	2910	1561	2606
2157	7589	7946	3860	4530	5090	2250	3453	5864	7727	3616	5973	6827	2846	3335	3441	2429	1460	2409
2395	6531	6473	3966	4284	4788	2292	3487	5260	5617	3444	5851	5634	2876	3543	3551	2402	1510	2450
2328	6622	6305	4092	4350	4830	2314	3495	5502	5640	3438	5884	5671	2811	3579	3602	2460	1535	2443
2612	7660	7062	4616	4941	5527	2491	3860	5873	6682	3894	6967	6411	3111	3694	4046	3004	1576	2633
2128	8257	7855	3759	4648	5096	2216	3453	5969	8512	3657	6017	7289	2821	3297	3373	2406	1465	2379
2436	6944	6655	4029	4617	5019	2379	3634	5479	6026	3570	6056	6101	2914	3604	3633	2476	1577	2493
2413	6995	6648	4179	4709	5138	2396	3694	6028	5990	3675	6196	6058	2924	3737	3735	2544	1603	2519
2688	8123	7277	4659	5258	5838	2544	4003	6083	7152	4155	7409	6966	3213	3833	4119	3030	1640	2700
2228	8745	8369	3876	5077	5472	2330	3662	6530	9532	3966	6559	7965	2924	3434	3505	2367	1525	2461
2496	7412	7018	4136	4789	5286	2397	3745	5737	6186	3788	6413	6383	2965	3716	3721	2497	1605	2548
2538	7747	7186	4394	4932	5438	2520	3860	6421	6429	3946	6530	6369	3089	3905	3923	2515	1670	2629
2722	7960	7226	4585	5096	5812	2501	3914	6046	7037	4151	7314	6764	3130	3798	4001	2946	1621	2662
2378	9131	8922	4140	5363	5829	2480	3918	6913	9540	4312	6864	8494	3150	3586	3743	2572	1617	2584
2603	7523	7116	4253	4878	5360	2444	3823	5932	6417	3894	6536	6535	3061	3788	3782	2524	1643	2593
2544	7498	7046	4325	4862	5381	2477	3816	6523	6401	3917	6493	6416	3048	3851	3849	2589	1654	2593
2878	8462	7747	4840	5254	6080	2579	4038	6660	7874	4491	7954	7309	3286	3917	4132	4969	1673	2749
2436	8997	9222	4189	5339	5808	2511	3980	7389	9684	4372	6900	8635	3127	3655	3733	2554	1623	2784
2670	7837	7362	4358	4946	5486	2503	3899	6366	6608	3987	6696	6744	3105	3873	3763	2591	1673	2899
2626	7689	7184	4450	4932	5501	2523	3875	6814	6551	4062	6692	6584	3093	3949	3838	2667	1696	2836
2921	8467	7581	4907	5316	6081	2618	4197	7309	7670	4500	7740	7275	3294	3994	4061	3190	1702	2996
2500	9459	9479	4280	5513	6023	2539	4137	7931	10673	4657	7215	9124	3197	3739	3776	2644	1657	2906
2760	8086	7652	4492	5086	5617	2557	4057	6721	6798	4155	6860	6875	3163	3952	3831	2694	1717	2942
2744	8074	7449	4614	5070	5666	2590	3974	7345	6787	4212	6905	6791	3154	4032	3913	2776	1746	2950
3071	8631	7889	5153	5544	6338	2755	4277	7224	8081	4721	8028	7538	3410	4077	4194	3317	1777	3143
2588	9703	9869	4346	5560	6234	2592	4228	8142	10870	4815	7491	9359	3281	3828	3844	2671	1712	2967
2867	7842	7723	4631	5190	5801	2646	4083	6969	7116	4278	7135	7229	3268	4054	3919	2766	1785	3026
2867	7680	7590	4789	5140	5827	2683	4082	7547	7022	4340	7086	6941	3261	4042	4014	2888	1815	3050
3239	8449	8393	5448	5793	6569	2914	4520	7890	8307	4991	8383	7902	3660	4177	4483	3495	1897	3314
2669	9406	9876	4522	5525	6146	2622	4263	8350	10702	4848	7450	9190	3311	3732	3839	2708	1758	3014
