87952	36838	10704	424130	606318	243898	976056	154149	99690	154700	95529	221851	49911	316159	39587	337098	74897	481650	226157
90521	27802	12685	407629	671359	254096	748990	158358	101793	154562	111353	390455	39926	364482	146045	434375	150519	603986	274409
230260	30688	16746	508983	766302	294481	771855	161362	116440	198287	134250	300825	50116	417900	88754	492910	287542	756650	322683
379169	63208	11986	827743	897945	305892	667751	195279	133732	194700	147984	358613	67272	555992	70988	490799	203165	810669	313012
93784	24919	19287	393596	590430	244462	964841	148890	115660	165404	95626	210611	53625	298646	48382	335846	81100	524030	214206
89804	21343	13280	384800	529787	226304	648657	208732	99148	210949	107931	390293	37537	291791	143891	437410	153725	587501	284282
228227	26124	98083	545030	689557	267892	705555	145011	133086	225723	146152	315764	53617	453227	77895	491833	307943	780481	329646
381143	54207	19673	844939	793693	305332	696647	208640	128372	242682	152873	321881	68411	604604	59910	443990	211112	801752	317124
91488	23999	12880	421025	580082	235936	1084724	152028	104985	175941	104134	256687	48666	383189	33392	321490	93869	494655	224527
86848	17281	12224	388612	572159	232769	650118	211661	111473	183902	102186	400021	42964	341648	169375	442921	147857	536772	269298
222017	24231	21275	527860	741334	287065	716540	153428	130407	223320	133666	321301	58563	446285	79359	468414	321299	850031	333994
378918	36826	13717	839335	771931	316604	679927	190271	115292	183897	139703	335172	49766	632487	74018	450530	225093	818781	305319
88827	20820	13958	422904	569014	235415	1145948	166302	101656	146056	97234	244993	50501	396863	41177	352052	93873	510554	224298
104679	17499	9451	392366	530083	246360	637713	147470	109167	167722	99895	376922	36381	356677	154497	421842	145601	593761	277199
227765	27605	18820	546829	688646	281748	732074	156818	139378	219267	136091	315792	48585	487175	83662	458752	341625	863264	334896
372988	37998	22695	875850	797132	326620	788229	206340	127185	232498	151285	406403	52500	717202	62489	459075	245240	877499	336494
90138	23896	13391	451358	598377	230199	1143264	204516	157088	160110	109503	247304	50473	416268	84517	382263	93664	541245	224356
96357	20601	10222	412342	525421	243020	670310	175862	135667	181912	108043	398994	33259	435783	153276	480414	149291	581384	276996
226354	29140	19935	571098	731870	286640	788738	167367	137249	222495	142220	338329	53930	540153	85791	522804	352097	883525	343217
374661	38456	19216	869277	741389	326629	696020	186017	147234	212330	155237	378178	57352	791388	76175	492994	262119	851868	319853
95211	28513	15917	472763	599417	250104	1218236	192906	121165	181511	106743	255587	55896	518035	39317	451945	100342	549919	235987
142224	25451	13571	462635	689189	283137	800554	175403	139433	205888	122424	441262	50919	494354	169107	549522	154308	674793	315996
215177	37203	24196	593185	887555	341122	844729	190839	174014	269690	150677	388467	67178	625562	102806	627083	340829	881239	367755
363141	48929	14679	847483	869436	358171	770963	219182	150913	239515	157661	403132	73398	873091	67110	616123	245450	838166	335385
101907	39798	11084	468588	723800	268083	1136317	187772	168199	207401	117722	291754	69119	510061	51127	455539	86327	536135	247247
134094	31038	33809	468149	664098	276882	771798	177900	134482	228599	111567	459193	64444	479980	174673	551597	142797	642548	302362
209189	26409	16364	625485	730465	305938	811449	177056	162597	254587	147140	393348	67477	612328	90308	550318	349001	866389	363299
355914	37933	14978	894927	818702	350977	782466	240312	174218	307512	157735	452511	77116	894189	79655	560928	250436	846930	350354
105511	23837	21091	526560	669612	290779	1228767	206102	164755	223630	123535	356815	82041	577239	50231	495840	95681	568560	266571
139462	28887	13975	520683	646452	279165	853022	191315	145028	242727	122176	504747	62077	594678	184998	505130	157773	655279	326105
213066	23114	21709	645033	777528	312649	824227	248817	211401	237438	152504	420226	72197	690924	102657	558133	366149	902709	381623
335028	32067	17471	902259	811951	344801	743410	231458	212667	247717	146875	461842	71432	994778	69022	517505	277067	858356	334730
97942	22093	13507	515198	781070	267517	1271388	211433	209069	174234	108413	382481	72176	644358	41863	408358	96225	525389	253635
141337	21433	12274	500328	811568	296106	768768	199714	229369	213087	110117	571401	58425	589978	202260	499251	142877	640793	309194
206086	28254	17149	693167	891305	332404	857761	232174	237090	250710	152165	501786	80805	739834	105549	623267	379276	941455	396869
335148	42860	13856	976393	937067	358751	788613	300269	211742	262143	156861	511934	82158	971521	81651	476879	280943	872189	335204
88181	28149	21629	546890	670792	262486	1200363	232086	175068	198669	106286	382530	79489	659025	53123	440865	84395	535892	238774
134289	23331	12152	486295	573849	249299	677035	175365	166827	205533	98202	516199	55366	464509	212739	436424	133728	574896	312496
188124	27097	18686	652358	701407	290455	762119	188104	199157	230418	145221	424849	66496	647050	98097	550382	368500	853163	391825
320395	32855	13058	947679	724762	324659	752999	233916	174395	252374	141210	450973	66128	922210	81076	529081	289443	851477	353780
101069	23013	16477	543602	610468	256106	1172902	230996	163022	201839	104392	338943	69202	606633	56008	535531	111576	584383	252777
126443	17977	11340	476255	582284	248292	704323	186320	132487	185287	103458	474472	53838	505690	210376	489753	142303	594437	294423
183285	24983	12379	592784	619576	284869	731473	172791	152606	222990	136716	382288	59213	571695	99977	559839	372807	850159	359599
313612	28418	9376	898425	635819	291141	645504	206858	152899	269030	151870	410281	53748	823759	75502	493046	285859	806019	347567
81237	21503	13939	475992	454142	220974	1122544	230934	144365	206219	101856	302687	60657	504926	53872	401031	101395	526327	239526
134415	16341	8719	457758	415753	217808	641833	152610	119737	178680	98852	439289	43577	436687	229339	504618	134064	595404	292500
187567	25264	15599	609336	554655	262573	762359	181928	140399	222226	138279	364430	59158	595423	113973	577463	361079	877675	363233
298544	29666	12187	886147	560002	277925	673662	218900	129002	234997	144857	416379	51255	810635	66765	542410	287579	811288	359692
92165	17245	9933	475308	455013	212481	1037321	170958	127693	186415	96924	298025	60872	469877	52624	414263	131991	526885	230235
125210	16603	13890	461582	455804	228169	664290	172222	112826	180821	105629	486171	44372	514488	239911	478081	137043	633780	288093
177682	20928	14187	610601	516998	252272	757590	177996	145684	208334	140392	370469	55931	577956	102737	558517	374481	913089	351661
303126	26777	10185	843588	532337	278641	692103	193679	126067	218119	147512	404280	52962	773034	74284	548118	284143	836221	336122
92772	18069	8870	503023	443911	216731	1118880	182472	129928	200816	101637	327072	54031	505810	53803	460966	97470	527838	230442
121223	22311	8093	499717	444296	223876	652550	167395	120386	198566	112200	468734	43574	486790	237070	502991	141041	649809	273915
176371	26261	12912	680315	535393	255140	753191	191176	134552	216113	147088	397503	55167	598425	113416	552878	371435	912409	352102
294244	32046	15211	934067	585940	279039	775344	198500	137711	228450	152375	425699	59044	843614	79791	498810	273747	824923	338591
93397	22998	15694	539748	493724	226694	1091389	186090	121566	200036	106215	331665	60023	557888	58204	465943	97822	578368	229477
130426	23036	9251	513635	447003	227063	640378	162866	108003	224201	105320	488612	46298	497482	230874	465595	141515	659003	274431
169705	30464	12722	696288	538089	256042	796124	228132	127385	263047	144817	404058	61442	618153	109633	595956	387747	910933	350081
294434	43609	13442	1010279	565594	286009	716079	203906	145672	268350	157229	445636	61714	865029	78469	537882	278290	844960	337030
95792	21734	8104	582266	486150	234099	1114074	220979	110186	203839	105540	333623	58909	571691	57932	484107	100797	606480	232420
123708	20043	7428	544885	445146	237633	639310	181796	117076	199234	113594	514372	53095	499133	227798	477514	151738	654052	277663
169849	25914	12504	699024	542940	264793	750091	181477	154492	239023	143854	418624	61309	613466	109413	541940	388027	950203	355309
309603	65577	9222	1151567	830259	357777	765331	262913	161743	248798	166044	530449	67769	1056683	79703	527730	304403	890172	374326
96745	64704	7981	650045	804926	301096	1117886	284290	132367	219712	119407	418413	83039	626760	71313	461795	109650	580976	238111
123581	49216	14438	519060	593909	253571	560874	187752	121264	207350	96418	551017	66241	472885	250787	486258	143219	589496	266273
172388	33042	11333	593817	488073	244507	675881	166974	149090	219421	121886	406877	64720	488404	128668	521399	366720	853158	325303
304120	38983	9725	880096	492917	265924	618750	200328	122235	207267	137445	422723	59266	651969	85877	500633	287765	826913	338176
86798	18487	8954	426324	331026	194676	849507	171809	116825	167559	85101	299772	47128	394350	60794	445201	99381	489731	216855
114309	17922	11304	381729	297362	177431	449747	131272	105024	161977	88268	487990	46850	377433	254794	478794	132882	540654	252786
154478	22199	12788	474916	345175	201863	585511	136123	109790	158558	116493	347643	50703	445552	105075	495115	362289	783986	311901
314064	30922	8757	789981	406746	246658	578064	178541	118169	209337	122350	421450	65311	678836	80778	545842	286931	840530	332188
86778	22747	10886	378378	319850	180124	873274	170178	105840	153843	79653	308944	51605	424972	66064	447968	98544	487263	213565
107758	18505	6512	353418	274064	171135	459798	124127	91714	171072	79925	448688	43506	388177	247969	515694	132800	532957	239898
140740	23583	9796	456204	340953	203652	581728	133195	100476	165286	108438	346505	50629	457446	109809	495451	363810	825669	318015
297401	36655	14576	708318	386780	235114	531884	166655	116738	171618	117503	421364	54239	687740	103271	554034	267502	764310	308205
96614	29130	11885	381751	289184	175448	912949	167028	88081	138695	75694	287695	50868	445604	57573	453716	105526	474861	207127
114467	30208	7865	357930	272614	178458	494970	137878	95116	151207	75759	439964	39776	407895	268884	481044	129029	544309	247238
161171	39422	10283	440051	372094	216245	566322	153737	120330	172290	108680	370204	54539	481871	121433	531145	372317	835060	325529
296676	44375	10871	680355	398504	240289	516059	181224	105701	163904	120008	420592	59796	693723	94600	538803	283228	789088	331879
86994	28490	8685	349868	309998	179039	936750	195911	84661	138308	70552	298777	49617	466578	57905	466244	82780	481463	182882
113132	26311	6990	333550	272557	174789	453521	140164	97551	135748	72798	453957	37598	386909	252528	501925	135818	541640	220250
171745	32512	19533	433935	346255	204468	549391	146186	103130	170820	110569	379497	50643	491532	118404	541725	380278	875571	293731
293898	41255	10079	695864	365841	235295	491881	175830	120932	196498	120949	435567	54035	683149	86516	566272	290485	816367	287505
93403	27436	9483	351120	276489	173286	961508	202173	94471	145589	75005	298607	49719	488639	49249	432887	90879	499902	170549
101326	22414	5258	326510	258748	172370	475437	129283	95931	136174	73604	441101	37971	398084	247105	517175	134303	545903	220065
166114	27009	8807	432842	324304	197890	566560	146712	111137	158389	112130	368688	53555	482473	120728	520144	378919	899826	292800
291772	43280	7587	678701	354495	225016	489879	174350	113417	169795	120244	421612	52558	703554	92350	524040	287734	839989	296584
89040	78613	7457	356614	292483	178467	927769	237178	91573	134233	75837	302728	52460	567688	50185	455848	104806	506237	174952
102455	63074	7339	333774	286367	179627	472976	140076	99325	129243	76930	458766	47172	427289	254299	467796	135192	573418	211228
164321	50482	9210	436076	364888	211082	598637	152011	119489	153553	109748	378913	66285	520053	115563	567270	375982	873571	296255
285108	66462	8208	681238	388186	238323	523658	190056	139340	161313	123631	446109	62791	730035	92195	547550	283798	840308	301307
84733	57146	7917	367679	320276	183056	866645	214790	96753	134905	76625	311413	52599	552503	58001	477292	94185	535762	184222
103567	41662	6207	373881	324968	187961	495706	150288	101950	132078	84274	465872	45250	467639	250384	540738	137120	650332	234901
